l1_ratio:1
alpha:0.408807999308
select_features_1:betaTub97EF,bxd,CG11966,CG14427,CG17593,CG34224,comm,comm2,emc,en,h,hk,l(2)08717,net,prd,slp1,Tollo,trn,Z600,hb,Kr,gt,
select_features_2:bxd,CG17593,CG34224,comm,en,h,hk,prd,slp1,Tollo,trn,hb,Kr,gt,
ridge_alpha:1.0
rmse_train:1.54063355444
r2_train:0.402942469021
adj_r2_train:0.614081574633
test_set_size:126
rmse_test:1.5495768871
r2_test:0.424002039126
adj_r2_test:0.648646352335
