l1_ratio:1
alpha:0.513071243777
select_features_1:Atac1,Atg9,bxd,dm,h,Nuf2,Nup50,peb,thoc6,tup,
select_features_2:Atac1,Nuf2,Nup50,thoc6,tup,
ridge_alpha:1.0
rmse_train:0.518990060104
r2_train:0.836754051953
adj_r2_train:0.182679989481
test_set_size:11
rmse_test:0.819073476215
r2_test:0.841088691837
adj_r2_test:0.317822616325
