l1_ratio:0.95
alpha:0.312832362508
select_features_1:sog,
select_features_2:
ridge_alpha:1.0
rmse_train:0.694275283817
r2_train:0.040780636288
adj_r2_train:0.962694796189
test_set_size:69
rmse_test:0.863401946908
r2_test:0.0192596882461
adj_r2_test:0.995378226855
